//notes:Recommended Masterwork: Range
item=2171478765&perks=1467527085,3142289711,3418782618,3824105627
item=2171478765&perks=1467527085,3142289711,3418782618,4104185692
item=2171478765&perks=1467527085,3142289711,3418782618,47981717
item=2171478765&perks=1467527085,3142289711,2946784966,1015611457
item=2171478765&perks=3250034553,3142289711,3418782618,3824105627
item=2171478765&perks=3250034553,3142289711,3418782618,4104185692
item=2171478765&perks=3250034553,3142289711,3418782618,47981717
item=2171478765&perks=3250034553,3142289711,2946784966,1015611457
item=2171478765&perks=202670084,3142289711,3418782618,3824105627
item=2171478765&perks=202670084,3142289711,3418782618,4104185692
item=2171478765&perks=202670084,3142289711,3418782618,47981717
item=2171478765&perks=202670084,3142289711,2946784966,1015611457
item=2171478765&perks=202670084,106909392,3418782618,3824105627
item=2171478765&perks=202670084,106909392,3418782618,4104185692
item=2171478765&perks=202670084,106909392,3418782618,47981717
item=2171478765&perks=202670084,106909392,2946784966,1015611457
